
 65 64 63 62 61 60 59 58 57
 66 37 36 35 34 33 32 31 56
 67 38 17 16 15 14 13 30 55
 68 39 18 05 04 03 12 29 54
 69 40 19 06 01 02 11 28 53
 70 41 20 07 08 09 10 27 52
 71 42 21 22 23 24 25 26 51
 72 43 44 45 46 47 48 49 50
 73 74 75 76 77 78 79 80 81 82


1>2^3<4<5v6v7>8>9>10^11^12^13<14<15<16<17v18v19v20v21>22>23>24>25>26^27^28^29^30^31<32<33<34<35<36<37v38v39v40v41v42v43>44>45>46>47>48>49>50^51^52^53^54^55^56^57<58<59<60<61<62<63<64<65v66v67v68v69v70v71v72v73>74>75>76>77>78>79>80>81>82
 1 1 2 2 2 2 3 3 3  3  3  3  4  4  4  4  4  4  4  4  5  5  5  5  5  5  5  5  5  5  6  6  6  6  6  6  6  6  6  6  6  6  7  7  7  7  7  7  7  7  7  7  7  7  7  7  8  8  8  8  8  8  8  8  8  8  8  8  8  8  8  8  9  9  9  9  9  9  9  9  9
  | |   |   |      |        |           |           |              |              |                 |                 |                    |                    |                       |                       |                          |

1s x 2
2s x 2
3s x 2
4s x 2
5s x 2
6s x 2
7s x 2
8s x 2

